# time(yr) (88,224,0) (86,220,0) (84,216,0) (82,212,0) (83,212,0) (81,208,0) (84,212,0) (82,208,0)
0.000000000000000000e+00 1.687994747457265039e+13 0.000000000000000000e+00 
0.000000000000000000e+00 0.000000000000000000e+00 0.000000000000000000e+00 
0.000000000000000000e+00 0.000000000000000000e+00 0.000000000000000000e+00
1.000000000000000056e-01 1.468780876979152148e+13 2.582934181882912636e+09
 6.736072447955859825e+06 1.285811877101314697e+12 1.168434250635101624e+11
 2.112660219652587414e+09 6.160231084615872099e+00 7.847810721361469727e+11
2.000000000000000111e-01 0.000000000000000000e+00 0.000000000000000000e+00
 0.000000000000000000e+00 0.000000000000000000e+00 0.000000000000000000e+00
 0.000000000000000000e+00 2.111130722328318649e-228 2.186219992957051630e-314
3.000000000000000444e-01 2.186216127387438568e-314 -1.260957053217541341e+44 
2.186219755805541626e-314 2.186215949523806065e-314 0.000000000000000000e+00 
0.000000000000000000e+00 0.000000000000000000e+00 0.000000000000000000e+00
4.000000000000000222e-01 0.000000000000000000e+00 0.000000000000000000e+00
 3.575812437392816887e-245 2.186219850666145628e-314 2.186216020669259066e-314
 -1.045697856021544139e-244 2.186219945526749629e-314 2.186216091814712067e-314
5.000000000000000000e-01 0.000000000000000000e+00 0.000000000000000000e+00
 2.272701970869734103e-322 2.137758690576651115e-314 0.000000000000000000e+00 
0.000000000000000000e+00 2.173888841701484794e-322 0.000000000000000000e+00
6.000000000000000888e-01 0.000000000000000000e+00 0.000000000000000000e+00 
2.075075712533235486e-322 2.681561747002458153e+154 0.000000000000000000e+00 
0.000000000000000000e+00 1.976262583364986177e-322 1.253070585211905243e-316
7.000000000000000666e-01 2.137758904013010119e-314 4.940656458412465442e-324 
4.940656458412465442e-324 0.000000000000000000e+00 0.000000000000000000e+00
 0.000000000000000000e+00 0.000000000000000000e+00 9.734698130969006051e-309
8.000000000000000444e-01 6.953244028976664988e-310 5.387879942938418196e-315 
6.953266524472469013e-310 6.953244305989391298e-310 2.137758753817053783e-314 
1.390673299325810017e-308 6.953244028976664988e-310 5.387879942938418196e-315
9.000000000000000222e-01 6.953266520161845067e-310 6.953244305990972308e-310 
2.137758809152406117e-314 4.227640331163685790e-307 6.953242933380957052e-310 
nan nan 2.123805541568413301e-314
1.000000000000000000e+00 0.000000000000000000e+00 0.000000000000000000e+00
 0.000000000000000000e+00 0.000000000000000000e+00 2.529616106707182306e-321 
2.529616106707182306e-321 4.940656458412465442e-324 0.000000000000000000e+00
